AUCTORES

E QUIBUS CONTEXTA EST CATENA IN
EVANGELIUM S. LUCAE.

*-

Anonymus ὅ ἀνεπίγραφος 7, 8 et 14.

39127· 54›6· 59³14· 7123 et
17 et 32. 104, 8. 105, 10.

117, 17. 164, 33.
Apollinaris 160, 17. 161, 3.
Athanasius 418, 26.
Chrysostomus 6, 3. 8, 15. 34, 16.
51, 23. 66, 20. 105, 13. 121,

16. 134, 12. 143,3. 144, 19.
145, 14. 154, 31. 155, 20 et
29. 156, 17. 158, 4. 160, 24.
εἷς τὴν ἑρμηνείαν τοῦ καῇτὰ Ματ-
θαῒον 120, 11.

eyn-illus Alexandriae 21, 17. 23,
8 et 25. 25, 18. 26, 14. 32, 10.
33, 18. 38, 15 et 30. 40, 5 et
19 et 31. 41, 16. 42, 6 et 32.
43, 15 et 22. 44, 22. 45, 34.
46, 22. 47, 12 et 27. 49, 8.
50, 14. 51, 16 et 33. 52, 28.
53, 8 et 16. 54,3. 57,6 et 21.
58, 6. 59, 33. 64, 30. 66, 7.
67, 21. 68, 3 et 13. 69, 5. 73,
6. 74, 12et21. 75, 17. 76,16.
77, 6. 78, 27. 79, 14. 82, 24.
92, 17. 93, 20. 96, 7. 98, 6.
99, 17 et 20. 100, 3. 101,33.
105, 23. 109, 15. 112, 18.
116, 23. 121, 5 et 16. 130, 8.
132, 3. 135, 19 et 23. 141, 4.
144, 29. 146, 12 et 17. 147,
31. 148,5. 149, 13. 150,32.
151, 25 0134. 155, 23. 157, 5.
161, 25. 162, 15. 163,6. 165,
12 et 26. ·

Dionysius ὃ Ἀρεοπαγίτης 127, 21.

Evangelium τὸ κατ’ Αἰγυπτίους 6, 2 5.

 

cim Apostolorum 6, 26.
Gregorius Nazianz. 107, 29.

τῶν ιβ’. i. e. duode-

Gregorius Nyssenus 3 5, 7· 97,
2 .

Irenaeus Episcopus Lugdun. 108,
1 .

Isidgrus Pelusiota 19, 2 5. 47, 22.
107, 12. 132, 13.

Maximus 115, 30.

Origenes 6, 20. 10, 30. 20, 28.
26, 24. 30, 10 et 13 et 35. 34,
23· 35³33· 36›5· 372‘32i54,
18. 84, 3. 86,3. 93,32. 103,
31. 108, 28. 140, 22. 147, 20.
148, 27.

Photius 419, 32.

Severus Antioch. ἐκ τῆς πρὸς Μώγναν
1 3 3, 27. πρὸς Λεόντιον πρεσβύτερον
γράφων 155, 27. ἐκ τοῦ πρὸς 'Iov-
λιανὸν συντάγματος κεφαλαίου 1 56,
7. ἁπολογ. 168, 14.

Titus Bostrorum Episcopus 6, 20.
39, 20. 40, 15. 41, 11 et 30.
44, 10. 45, 21. 48, 3 et 12.
51, 26. 54, 23. 58, 25. 64, 11.
65, 17. 66, 33. 67, 1 1. 69, 24.
70, 7 et 23. 72, 11 et 17. 82,
9. 83, 3 et 19· 84, 10. 86, 17.
92›3· 9323· ῐ35» 17· 137, 27·
141, 16. 149, 3. 150, 23 et 29.
151, 27. 153, 10. 160, 14.
161, 5. 168, 7.

Victor Presbyter 66, 25 et 29.
70, 16. ·

 

OBITER CITANTUR
Epiphanius ὅ Κύπρου ἐν τοῖς Πανα-
pt... 430‚ 7·
Homerus 418, 11.
Philostratus ἐν τῷ εἷς Ἀπολλώνιον
τὸν Τυανέα 418, 13.
3 M 2

